Circuito	Mesa	Votos.nulos	Votos.en.blanco	Votos.recurridos	Votos.impugnados	HUMANISTA	GEN	PRIMERO.LA.GENTE	ENCUENTRO.VECINAL.CORDOBA	PAIS.1A	PAIS.2B	PAIS.3C	PAIS.4D	FRENTE.DE.IZQUIERDA.Y.DE.LOS.TRABAJADORES	SOMOS	UNION.POR.CORDOBA	FRENTE.CORDOBA.CIUDADANA	IZQUIERDA.AL.FRENTE.POR.EL.SOCIALISMO	CAMBIEMOS.506M	CAMBIEMOS.506R	long	lat	votos
1	1082	241	102	2	0	91	194	261	517	12	8	17	8	665	68	1089	1172	327	4517	885	-64.1844124481	-31.4169474015	10176
2	1017	98	52	4	0	48	52	100	183	7	5	4	5	259	31	528	457	145	1591	323	-64.1795574478	-31.4082511158	3892
3	5211	271	133	10	4	124	250	352	696	23	10	11	20	1072	105	1485	1562	442	5221	999	-64.2005879138	-31.4063453456	12790
4	9146	299	140	5	9	99	276	295	712	19	6	15	17	923	120	1305	1477	491	6142	1201	-64.1785761716	-31.4324288499	13551
5	13025	246	147	5	2	92	121	292	373	11	14	17	20	593	77	2054	797	238	3481	635	-64.1301172163	-31.4241680048	9215
6	9144	96	53	2	9	32	57	132	150	6	4	4	6	257	34	711	323	78	1429	232	-64.1522511055	-31.4078130663	3615
7	670	2	1	0	0	0	0	2	0	0	0	0	0	1	0	17	1	2	24	4	-64.199900679	-31.3266807203	54
8	2694	31	6	0	0	3	6	8	5	0	1	0	0	17	1	179	41	13	115	18	-64.0677533211	-31.3804935602	444
9	17051	72	65	0	10	28	57	144	281	2	1	6	9	253	31	345	455	90	1962	331	-64.2219826346	-31.389836137	4142
10	62370	356	149	9	0	94	146	419	501	15	14	26	16	816	122	2432	1341	372	3972	705	-64.2051137099	-31.4347990798	11505
11	23513	137	43	0	0	36	24	73	57	10	6	10	6	175	24	1146	269	97	905	135	-64.2696431998	-31.4294848555	3153
12	58131	208	103	0	0	62	47	191	182	19	13	10	9	386	47	1739	492	171	2372	305	-64.1005439233	-31.4573194352	6356
13	65072	193	74	1	0	62	101	223	228	12	9	15	14	312	26	1223	588	132	2561	395	-64.156876387	-31.3912734344	6169
14	49429	67	54	3	5	20	58	132	283	12	2	7	4	182	20	327	408	69	2344	357	-64.2724005399	-31.351371757	4354
0004A	11050	303	167	5	1	121	205	563	559	23	9	11	31	927	103	2279	1291	342	5142	1070	-64.1906463362	-31.4558228658	13152
0004B	11747	225	139	6	4	103	131	489	601	7	9	17	14	627	52	1497	1018	256	5007	1032	-64.1793485275	-31.4549981704	11234
0004C	4081	109	47	0	0	33	37	149	206	8	3	1	3	194	22	686	301	75	1209	184	-64.1972749996	-31.4781889279	3267
0004D	2114	20	25	0	0	9	15	114	161	1	0	3	2	72	9	142	120	29	959	159	-64.1809221569	-31.4929024167	1840
0004E	2163	81	30	3	0	13	10	45	25	2	4	2	5	98	19	477	159	43	384	62	-64.2123112713	-31.5044701587	1462
0005A	5928	122	76	0	0	32	34	100	84	16	11	9	14	194	40	1388	336	85	1028	120	-64.1050006495	-31.424770181	3689
0005B	2289	26	15	0	0	10	14	75	48	3	0	3	2	69	8	227	135	68	668	91	-64.1177189189	-31.4453147582	1462
0005C	21373	378	196	3	10	120	155	513	499	31	26	24	27	748	81	2699	1131	307	5184	852	-64.1274334108	-31.4323475884	12984
0005D	14982	252	157	2	2	63	64	191	188	25	11	21	17	426	66	2633	1017	146	1756	320	-64.1344172816	-31.4116885958	7357
0005E	5718	106	41	0	0	37	23	99	64	7	6	5	12	157	23	908	300	68	884	121	-64.0922482336	-31.4404204454	2861
0005F	6853	128	46	0	5	37	24	63	73	7	6	15	12	160	57	1502	368	86	591	116	-64.0937365161	-31.414758528	3296
0005G	22313	324	131	2	13	82	145	330	396	17	16	8	14	721	45	1834	1026	248	3919	675	-64.1552448134	-31.4222822842	9946
0005H	2729	31	36	0	1	12	10	23	18	6	2	1	4	57	8	431	211	20	195	39	-64.1066385411	-31.4325167182	1105
0005I	8340	131	67	1	0	36	30	125	82	8	9	13	6	230	26	1402	333	79	879	157	-64.0926526831	-31.4442940345	3614
0006B	581	9	0	0	0	1	0	7	1	2	0	1	0	3	0	54	15	1	40	12	-64.1020973683	-31.4024559239	146
0006C	20366	186	104	1	2	60	166	250	426	12	7	5	10	558	47	970	831	211	3746	753	-64.1682451256	-31.4107956838	8345
0006D	13805	125	80	3	0	50	79	165	245	4	4	3	5	411	35	655	638	114	2405	423	-64.1628046958	-31.4195902956	5444
0006E	4494	58	21	0	14	6	13	31	18	1	11	5	3	60	13	894	142	34	240	38	-64.0728603845	-31.402430155	1602
0006F	15780	211	77	10	1	50	66	145	160	11	5	5	8	358	191	1885	436	120	1474	413	-64.148006957	-31.4154849514	5626
0007A	12244	151	80	1	2	37	25	115	95	12	11	11	12	213	23	1505	406	92	1269	190	-64.1779422023	-31.3180976972	4250
0007B	47751	400	230	1	0	159	278	560	568	26	10	12	24	1109	82	2690	1827	451	6344	1237	-64.1838777151	-31.3847109528	16008
0007C	757	0	0	0	0	0	0	0	0	0	0	0	0	0	0	1	1	0	4	1	-64.1959820858	-31.347130891	7
0007D	22388	152	71	3	0	51	125	247	303	8	2	3	14	467	62	742	739	213	2865	621	-64.187701672	-31.3962983538	6688
0007E	37328	289	147	2	0	138	193	381	404	21	13	14	21	846	131	2204	1292	312	4298	895	-64.1957214098	-31.3659185867	11601
0007F	20316	151	108	6	5	78	74	170	168	8	9	8	6	313	38	1441	519	168	2179	344	-64.1793632491	-31.3450552647	5793
0007G	32458	285	112	3	1	89	128	315	239	10	18	16	22	625	62	2047	857	286	3148	477	-64.1830849988	-31.3686624747	8740
0008A	10866	83	48	1	1	30	31	82	82	3	2	8	4	149	24	856	268	71	1061	140	-64.10524039	-31.3893908418	2944
0008B	54549	396	153	16	3	128	204	482	492	19	11	16	19	817	75	2757	1227	294	5241	864	-64.1606820966	-31.3997061205	13214
0008C	24550	212	75	6	16	62	99	203	165	6	12	14	4	354	38	1277	561	144	2459	330	-64.1348451525	-31.393490639	6037
0009A	15300	87	33	2	0	37	46	106	131	5	3	5	5	227	16	539	321	87	1673	231	-64.2142616113	-31.3699868622	3554
0009B	24948	118	70	2	4	45	105	185	277	10	5	10	6	336	34	796	524	118	2564	440	-64.2162988402	-31.379406297	5649
0009C	43952	272	137	5	5	130	132	308	343	10	7	16	14	582	90	2015	964	230	3841	619	-64.1970598144	-31.3781790046	9720
0009D	29862	151	71	0	0	69	114	265	288	13	1	3	7	384	45	863	632	197	3422	552	-64.2135053716	-31.3637806472	7077
0009E	16905	85	47	3	0	44	53	115	145	9	1	4	3	276	27	467	383	93	1466	266	-64.1984852759	-31.4005651581	3487
0009F	47365	277	115	4	3	100	135	318	446	16	7	14	10	671	68	1517	975	273	3908	716	-64.1985906329	-31.3900263797	9573
0009G	19008	80	68	1	1	32	76	133	201	5	3	5	7	246	26	481	382	91	1727	322	-64.2120195042	-31.3873291495	3887
0010A	18855	164	49	3	0	80	43	168	100	7	11	6	12	252	23	991	361	102	1282	211	-64.2500489826	-31.5024117773	3865
0010B	43589	191	102	4	14	87	130	340	429	7	8	7	12	611	60	1235	833	228	3556	650	-64.2175625884	-31.4517204042	8504
0010C	27531	137	82	2	20	52	38	139	110	17	9	7	19	287	34	1705	531	120	1252	258	-64.2182001265	-31.4953476328	4819
0010D	9275	58	18	1	0	16	16	49	56	3	2	1	5	101	34	411	149	52	594	89	-64.243905397	-31.4634619889	1655
0010E	51357	424	178	5	0	78	95	368	251	26	14	31	25	587	58	2324	902	220	2738	493	-64.2720940645	-31.4737630803	8817
0010F	49989	283	134	2	0	80	135	404	466	7	13	8	16	589	64	1834	937	260	3475	636	-64.2325353003	-31.4469950034	9343
0010G	84883	344	183	13	15	139	241	413	687	17	11	19	21	1108	107	2025	1741	443	5056	1010	-64.2027906241	-31.4224633581	13593
0010H	55019	203	105	4	2	106	150	377	525	10	3	11	18	723	51	1336	958	245	3876	677	-64.230010631	-31.447321978	9380
0010I	45644	155	111	3	0	73	94	383	423	9	9	4	11	518	46	1275	744	194	3131	532	-64.2248795539	-31.4573736356	7715
0010J	57535	276	105	21	0	92	110	337	359	37	14	21	39	570	94	1954	852	244	3119	567	-64.2348256465	-31.4745859472	8811
0010K	25304	140	64	0	6	45	58	142	119	8	14	13	7	216	44	1096	422	126	1361	200	-64.2829143964	-31.4897048181	4081
0010L	123739	635	328	13	30	180	171	603	380	32	43	39	36	1173	253	5198	1690	475	5154	853	-64.2144051576	-31.4757731601	17286
0010M	10017	53	40	13	11	10	10	38	32	7	4	3	16	123	20	574	110	31	200	71	-64.2294092184	-31.4862703564	1366
0011A	113495	405	161	8	1	178	180	444	609	15	25	23	21	1107	111	2833	1625	428	5620	981	-64.2146436369	-31.3995474173	14775
0011B	35290	118	43	6	0	37	140	164	222	3	10	6	7	241	29	877	434	102	2120	337	-64.2770116494	-31.3866938758	4896
0011C	73603	235	103	7	3	113	162	312	464	12	15	18	14	624	64	1956	965	247	4179	726	-64.2365251203	-31.4047089395	10219
0011D	67928	241	102	8	6	97	163	308	516	8	13	6	11	585	41	1322	882	181	3789	682	-64.2182849271	-31.4265470768	8961
0011E	86365	345	138	1	30	136	165	344	423	30	15	23	27	762	73	2604	1087	269	4142	699	-64.2350271063	-31.4232497608	11313
0011F	45936	163	73	1	1	52	79	182	242	12	7	7	10	341	50	1177	562	137	2417	397	-64.2580243825	-31.3998123319	5910
0011G	66179	240	148	1	19	77	91	216	277	14	12	17	13	392	111	2456	689	200	2555	395	-64.2621891515	-31.4087956806	7923
0011H	39530	102	48	0	0	39	137	172	239	7	2	9	2	289	36	684	484	108	2375	426	-64.2499768554	-31.3798579669	5159
0011I	94470	349	169	2	4	99	94	277	260	25	33	30	28	568	103	3511	1320	259	2537	476	-64.246388369	-31.4212464251	10144
0011J	102969	302	145	4	1	123	185	400	543	16	6	12	26	845	75	1897	1220	317	4872	1040	-64.219565648	-31.4140997527	12029
0011K	67216	304	119	0	0	70	74	166	211	15	13	17	18	474	121	2378	876	211	2127	389	-64.2403225222	-31.3911074935	7583
0011L	16972	23	15	2	0	8	26	40	98	0	0	0	0	21	2	124	49	16	1611	183	-64.3007866414	-31.3490110756	2218
0011M	29855	65	53	2	0	11	62	123	220	5	0	1	1	105	17	365	182	43	2420	338	-64.2742109405	-31.3610171097	4013
0012A	34799	128	73	5	0	44	39	114	65	12	14	14	12	189	30	1406	479	88	1015	179	-64.1399292957	-31.4691334198	3906
0012B	146350	354	183	3	1	194	257	540	748	34	23	18	30	984	105	2563	1423	346	6606	1182	-64.1593613874	-31.4322921772	15594
0012C	31605	127	63	0	1	54	33	93	76	5	15	6	8	161	28	939	366	88	988	261	-64.1401811367	-31.4949220309	3312
0012D	177401	661	306	1	6	204	187	647	549	42	32	32	47	1208	273	4844	1961	442	5737	845	-64.1361281065	-31.4500980785	18024
0012E	35250	116	63	0	0	21	31	102	86	4	1	8	12	147	36	1315	257	74	1001	134	-64.0974710858	-31.4823352276	3408
0012F	128767	348	167	2	12	167	178	561	572	19	14	21	21	902	107	2532	1273	336	5250	901	-64.1580714951	-31.4501974185	13383
0012G	77840	304	117	0	0	80	82	244	255	23	10	13	14	564	131	2021	730	195	2780	444	-64.0908096036	-31.465549075	8007
0012H	78880	203	87	3	8	84	106	314	299	16	10	10	15	502	53	1784	707	183	3065	545	-64.1570567916	-31.4770003193	7994
0012I	19884	32	49	0	22	14	6	25	33	8	6	2	1	65	45	735	151	33	263	33	-64.0741119096	-31.4928337833	1523
0013A	127075	351	146	7	0	123	160	436	471	19	15	18	22	674	76	2513	1048	275	5171	715	-64.1705885059	-31.3720478648	12240
0013B	2567	6	0	0	0	2	1	4	2	1	0	0	1	2	0	27	15	2	21	3	-64.1241501505	-31.3262422604	87
0013C	106108	317	117	0	20	135	148	362	313	18	14	18	20	579	50	1996	916	230	3667	623	-64.1713521365	-31.3902348582	9543
0013D	20900	87	44	2	0	28	21	90	54	4	6	3	2	121	14	617	159	63	584	79	-64.0706851869	-31.346537068	1978
0013E	10474	20	21	0	0	13	12	32	25	5	1	2	1	46	8	234	84	34	306	45	-64.1043223792	-31.3706448843	889
0013F	60536	176	91	3	0	60	77	221	210	10	6	10	16	330	102	1209	485	144	2447	378	-64.1438468805	-31.3850162198	5975
0013G	146905	587	213	3	4	148	117	423	354	18	33	25	21	668	154	3843	1098	356	4405	745	-64.1574373346	-31.3490819381	13215
0013H	130770	391	184	0	14	117	127	371	343	27	25	20	24	667	81	2811	938	263	4130	630	-64.1401150221	-31.3707190441	11163
0013I	46897	126	78	1	0	52	54	119	99	14	6	5	12	237	56	1117	442	129	1380	211	-64.122324621	-31.3654052666	4138
0013J	244685	560	293	5	25	176	220	660	623	31	43	39	46	1096	154	5387	2020	453	7111	1076	-64.1577741264	-31.3736688239	20018
0013K	8588	12	8	0	5	5	11	17	21	1	0	3	3	35	3	157	41	15	302	66	-64.0951127191	-31.3372778927	705
0013L	5735	8	3	1	0	4	3	11	6	1	2	0	0	11	3	82	19	9	128	26	-64.1605722475	-31.3260962103	317
0013M	5739	13	3	0	0	2	5	11	9	0	0	1	2	17	2	55	16	4	135	26	-64.1438158628	-31.3305635052	301
0013N	63393	117	65	1	10	57	44	191	165	6	9	8	7	359	21	1069	512	139	2205	371	-64.1330866557	-31.3818725617	5356
0014A	156032	461	245	0	41	112	119	269	302	34	25	28	25	628	148	3908	1642	382	3051	597	-64.2531307755	-31.3316296164	12017
0014B	56635	106	85	1	1	45	76	161	224	5	5	1	6	312	23	679	535	113	2114	385	-64.2702021035	-31.3397373938	4877
0014C	44985	64	63	1	4	30	62	137	168	7	2	2	5	241	27	427	427	97	1678	323	-64.2911909326	-31.3359658169	3765
0014D	60330	82	50	0	0	18	68	103	406	4	0	0	0	184	14	295	324	76	2747	408	-64.2357068191	-31.3717014713	4779
0014E	60730	155	55	1	0	46	69	173	179	6	6	14	9	309	47	1000	481	162	1867	271	-64.2703243397	-31.3213046782	4850
0014F	61130	121	63	7	0	41	67	189	230	4	3	2	4	312	29	769	387	118	2154	327	-64.250977894	-31.340513729	4827
0014G	86254	176	111	0	6	65	69	215	176	7	12	15	17	429	38	1659	701	172	2435	407	-64.225307263	-31.3373859715	6710
0014H	43421	125	60	0	22	35	44	97	110	6	7	2	12	168	30	920	299	103	1078	247	-64.2533975827	-31.3178965355	3365
0014I	49864	89	52	0	1	32	63	154	189	8	5	2	9	252	31	506	420	111	1994	329	-64.2321412316	-31.3543044441	4247
0014J	75276	76	74	2	4	30	91	150	489	4	1	3	5	223	29	571	399	84	3365	521	-64.2408688039	-31.3827384374	6121
0014K	34694	112	48	2	0	26	40	80	73	7	3	5	4	199	23	564	267	82	1005	165	-64.2846863913	-31.3133146779	2705
0014L	25364	22	14	0	0	17	30	43	106	0	1	1	1	99	7	187	191	30	1103	197	-64.252435321	-31.3607729576	2049
0014M	89278	125	75	1	1	48	106	229	417	7	2	3	4	366	60	635	576	123	3606	649	-64.2299449165	-31.3641413504	7033
0014N	44933	156	58	0	0	37	45	87	98	6	7	6	5	226	24	894	328	115	1079	193	-64.2703748746	-31.315681193	3364
0014O	64562	166	76	0	20	46	48	146	136	8	9	9	20	323	57	1142	487	113	1418	316	-64.2759854327	-31.3296966174	4540
0014P	32446	79	41	0	0	26	42	72	124	4	2	3	8	181	31	393	372	59	856	148	-64.2926821604	-31.3249415446	2441
0014Q	6503	9	3	0	0	1	5	17	19	0	0	1	0	21	4	36	48	7	285	35	-64.2996720727	-31.3377721325	491

